[gd_scene load_steps=10 format=3 uid="uid://cqsjlxqfniiny"]

[ext_resource type="Texture2D" uid="uid://cqn5fyovn36mv" path="res://sand.png" id="1_f3sb7"]
[ext_resource type="Script" uid="uid://cauop11ipcev3" path="res://tank_controller.gd" id="1_fj7yv"]
[ext_resource type="Texture2D" uid="uid://d1h8din4f2guc" path="res://sand_normal.png" id="3_tlwt5"]

[sub_resource type="BoxMesh" id="BoxMesh_f3sb7"]
size = Vector3(1, 0.5, 1.5)

[sub_resource type="BoxMesh" id="BoxMesh_fj7yv"]
size = Vector3(1, 0.5, 0.5)

[sub_resource type="BoxShape3D" id="BoxShape3D_fj7yv"]
size = Vector3(1, 0.5, 1.5)

[sub_resource type="WorldBoundaryShape3D" id="WorldBoundaryShape3D_gv5m4"]

[sub_resource type="StandardMaterial3D" id="StandardMaterial3D_fj7yv"]
albedo_texture = ExtResource("1_f3sb7")
metallic_specular = 0.0
normal_enabled = true
normal_texture = ExtResource("3_tlwt5")
uv1_scale = Vector3(10, 10, 10)

[sub_resource type="PlaneMesh" id="PlaneMesh_f3sb7"]
size = Vector2(50, 50)

[node name="World" type="Node3D"]

[node name="Tank" type="RigidBody3D" parent="."]
transform = Transform3D(0.9803229, 0.19705732, -0.011638335, -0.19740069, 0.97861755, -0.057797793, 0, 0.058957916, 0.99826044, 0, 7.2553415, 0)
script = ExtResource("1_fj7yv")
stiffness = 30.0
dampening = 2.5

[node name="MeshInstance3D" type="MeshInstance3D" parent="Tank"]
mesh = SubResource("BoxMesh_f3sb7")

[node name="MeshInstance3D2" type="MeshInstance3D" parent="Tank"]
transform = Transform3D(1, 0, 0, 0, 0.85872746, 0.5124326, 0, -0.5124326, 0.85872746, 0, 0.14385307, -0.37629274)
mesh = SubResource("BoxMesh_fj7yv")

[node name="CollisionShape3D" type="CollisionShape3D" parent="Tank"]
shape = SubResource("BoxShape3D_fj7yv")

[node name="RayCast3D" type="RayCast3D" parent="Tank"]
transform = Transform3D(1, 0, 0, 0, 1, 0, 0, 0, 1, 0.5, 0, 0.75)

[node name="RayCast3D2" type="RayCast3D" parent="Tank"]
transform = Transform3D(1, 0, 0, 0, 1, 0, 0, 0, 1, -0.5, 0, 0.75)

[node name="RayCast3D3" type="RayCast3D" parent="Tank"]
transform = Transform3D(1, 0, 0, 0, 1, 0, 0, 0, 1, 0.5, 0, -0.75)

[node name="RayCast3D4" type="RayCast3D" parent="Tank"]
transform = Transform3D(1, 0, 0, 0, 1, 0, 0, 0, 1, -0.5, 0, -0.75)

[node name="Camera3D" type="Camera3D" parent="Tank"]
transform = Transform3D(1.0000001, 0, 0, 0, 0.9952666, 0.0971834, 0, -0.0971834, 0.9952666, 3.3643541e-09, 2.1798396, 3.675427)

[node name="Floor" type="StaticBody3D" parent="."]

[node name="CollisionShape3D" type="CollisionShape3D" parent="Floor"]
shape = SubResource("WorldBoundaryShape3D_gv5m4")

[node name="MeshInstance3D" type="MeshInstance3D" parent="Floor"]
material_override = SubResource("StandardMaterial3D_fj7yv")
mesh = SubResource("PlaneMesh_f3sb7")

[node name="Sun" type="DirectionalLight3D" parent="."]
transform = Transform3D(0.67204374, -0.43886122, 0.59645456, -0.62247723, 0.1014792, 0.776031, -0.40109763, -0.8928062, -0.20498249, 0, 0, 0)
